Problem 2A-2
start: [-6.123234e-17  0.000000e+00]
goal: [0.1545085  0.02447174]
shapes (110,) (110, 30) (2, 110)
W [[-4.36297642e-02 -2.06318983e-01 -6.04071632e-01 -1.24528152e+00
  -2.19702901e+00 -3.46383247e+00 -4.85997915e+00 -5.84025646e+00
  -5.39036842e+00 -2.18191008e+00  4.80599459e+00  1.52584664e+01
   2.66539297e+01  3.44611506e+01  3.39214058e+01  2.27362057e+01
   2.90865661e+00 -1.97497962e+01 -3.82739201e+01 -4.75662658e+01
  -4.58930997e+01 -3.43544425e+01 -1.53860840e+01  8.05397636e+00
   3.13993278e+01  4.51640619e+01  3.26360421e+01  4.26205082e+00
   1.60929954e-01  1.54512573e-01]
 [-1.86585653e-03 -4.50587389e-03  9.64772034e-03  1.12346547e-01
   4.67578753e-01  1.36922272e+00  3.23532597e+00  6.48882845e+00
   1.12505604e+01  1.68669418e+01  2.15196639e+01  2.23916737e+01
   1.67811678e+01  3.92702491e+00 -1.35671354e+01 -3.00690319e+01
  -3.93569966e+01 -3.78297622e+01 -2.63613119e+01 -9.62263702e+00
   6.48370030e+00  1.75601747e+01  2.22433281e+01  2.21232160e+01
   2.01734943e+01  1.76882704e+01  1.09249662e+01  1.36397255e+00
   2.65590017e-02  2.44730664e-02]] (2, 30)
(2, 30) (110, 30) (110,)
[-2.7041477  -0.10177327] 26.57031331367685
[-2.96588652 -0.02653136] 111.78797560715158
[-3.85529773  0.02504929] -153.90847256692447
[-4.33410576  0.07965201] -54.413011338660304
[-4.76596348  0.16418366] -29.028244378703995
[-6.41288361  0.30257131] -21.1946188925202
[-8.50445722  0.45931358] -18.515579841017182
[-9.25811039  0.60125931] -15.397866188226004
[-9.72923145  0.8796387 ] -11.060485939246002
[-11.5866328    1.44930774] -7.994598009183197
[-13.24030909   2.0144826 ] -6.572560675041265
[-13.13229202   2.39845396] -5.475315444519787
[-13.24804549   3.17211562] -4.176406870967783
[-14.95369865   4.6198012 ] -3.2368705899716286
[-15.71441922   5.73963339] -2.7378785636073144
[-14.66856328   6.38798108] -2.2962753179893114
[-14.43275211   7.99056228] -1.8062248450177059
[-15.54096815  10.58093338] -1.4687710049998879
[-15.04133488  12.02493692] -1.2508452207606358
[-13.04260998  12.80417987] -1.018621271941965
[-12.12241403  15.43842664] -0.7852104564774177
[-11.88606831  18.8825981 ] -0.6294720806479611
[-9.90908756 19.97151682] -0.49616099000928043
[-6.90731636 20.59546846] -0.3353803958872177
[-4.59705036 23.98069798] -0.19169793825418951
[-2.40444099 27.19766063] -0.0884061692199515
[ 0.83508418 26.98023369] 0.030951702921513183
[ 4.89263818 26.9547351 ] 0.18151312416973978
[ 9.2292797  29.96903119] 0.30796056236516817
[13.1574816 31.3310841] 0.41994977120321647
[16.84474912 28.97502382] 0.5813541078002757
[21.79249692 27.5116716 ] 0.7921182411281803
[27.86019932 28.34060118] 0.9830489883777634
[32.0582709 26.5380915] 1.208009660368382
[34.88860127 21.76862766] 1.602700997575735
[39.91128226 17.94175589] 2.224491433099941
[45.87160085 15.12281199] 3.0332719133961485
[48.06690304 10.21341367] 4.706252442883932
[48.62495655  3.59191049] 13.53735196808647
[51.99587386 -2.96745076] -17.52206793144392
[55.04553411 -9.10061487] -6.048551104835659
[ 53.40895162 -15.30431006] -3.4897980635320875
[ 50.67757761 -22.37037198] -2.2653882394440417
[ 50.34006178 -30.53248279] -1.6487379074440376
[ 48.53720015 -37.37296666] -1.2987248399723446
[ 42.91286681 -42.0802978 ] -1.0197852453110803
[ 36.78564383 -47.6197275 ] -0.7724874911399199
[ 31.86033382 -54.6215366 ] -0.5832925217225571
[ 25.79639016 -58.65764243] -0.43977884368513304
[ 17.94797748 -59.60427716] -0.3011189521447831
[  9.59468108 -61.71414425] -0.15546972577145476
[  1.61537714 -64.58545492] -0.025011469517420132
[ -5.70784749 -63.71901479] 0.0895784015128499
[-13.02894834 -60.34573571] 0.21590503760738375
[-21.2865493  -58.12081106] 0.3662465976464241
[-28.90024195 -55.78952845] 0.5180226961772979
[-34.01121554 -50.63097993] 0.6717471315672588
[-38.4683636  -44.20537276] 0.8702191881826499
[-44.07100833 -38.46049312] 1.1458773603336898
[-48.1744552  -32.58099827] 1.4786058672959064
[-49.20859145 -25.73650577] 1.9120152476833185
[-49.85088522 -18.52785947] 2.6905906378502515
[-51.34357533 -11.57121731] 4.437180113179032
[-50.97065606  -5.26790615] 9.67569554498353
[-48.31048075   0.50118562] -96.39239242869944
[-45.69903847   6.34862439] -7.198258345551216
[-43.48479759  11.97059694] -3.6326340122299507
[-39.9490807   16.18116153] -2.4688635998730235
[-35.36897902  19.36306853] -1.8266205572162562
[-31.01182774  22.65077779] -1.3691286025307765
[-26.88056524  25.50475337] -1.053943351347754
[-22.41121915  26.8510604 ] -0.8346493144061785
[-17.77900761  27.41957259] -0.6484057161919516
[-13.30829883  28.12024717] -0.4732639351616609
[-9.22563786 28.3156766 ] -0.32581378817617546
[-5.56190241 27.48554787] -0.20235734217483342
[-2.03111108 26.31393609] -0.07718765714326828
[ 1.43282358 25.24566429] 0.05675523386307842
[ 4.26063549 23.85924989] 0.17857374023393235
[ 6.40959301 22.0511833 ] 0.2906688915432989
[ 8.50580954 20.19491699] 0.42118566466980295
[10.55021056 18.43264271] 0.5723655974052854
[11.83956947 16.63238418] 0.7118383837926361
[12.56370981 14.80855253] 0.8484090381856633
[13.40096946 13.05784311] 1.0262774145775528
[14.12849117 11.42903087] 1.2361932810444745
[14.16138852  9.93654805] 1.4251819100356435
[13.86869385  8.56557715] 1.619119600212158
[13.7529526   7.29618677] 1.8849507324836636
[13.46930511  6.16036922] 2.186444451281965
[12.68537651  5.17818665] 2.449771969846834
[11.73633322  4.3039498 ] 2.7268750248102966
[10.87342775  3.50678625] 3.100681642664081
[9.89871885 2.81696548] 3.51396526025636
[8.68651897 2.22115518] 3.9108113914784792
[7.28446129 1.64320395] 4.433084090112533
[5.83472924 1.08576535] 5.37383995404724
[4.57375838 0.64710331] 7.0680497534313265
[3.45620295 0.30365678] 11.381938869250876
[ 2.26208228 -0.04387918] -51.55252211750478
[ 1.1318593 -0.3619781] -3.1268723548058093
[ 0.39502525 -0.54625363] -0.7231535561859829
[-0.00728886 -0.6201898 ] 0.011752626771440023
[-0.25130512 -0.64440649] 0.3899791910855057
[-0.39175847 -0.6379309 ] 0.6141080027501182
[-0.44392899 -0.60617991] 0.7323386658572406
[-0.44689961 -0.5620104 ] 0.7951803304895845
[-0.42929515 -0.51464349] 0.8341602718781393
[-0.40412356 -0.46812411] 0.8632829592926242
[-0.37700416 -0.42407213] 0.8890094983363945
